# # x, y, y_err
1.850 11.765 13.530
8.881 32.982 19.895
3.160 16.671 15.001
6.405 33.299 19.990
0.175 -1.948 9.416
11.025 57.508 27.252
10.809 53.806 26.142
0.401 -2.166 9.350
11.483 55.830 26.749
1.647 -4.342 8.697
3.406 9.295 12.789
7.273 31.704 19.511
11.331 70.321 31.096
10.233 46.874 24.062
0.027 -10.404 6.879
6.255 24.979 17.494
6.624 24.082 17.225
5.825 23.608 17.082
9.218 41.935 22.581
1.929 -1.323 9.603
9.175 40.158 22.047
0.250 4.531 11.359
1.623 5.397 11.619
1.395 -1.471 9.559
3.719 15.946 14.784
8.057 99.000 60.000
5.655 18.220 15.466
9.794 49.354 24.806
3.475 3.745 11.123
8.798 34.842 20.452
8.431 38.270 21.481
3.931 12.097 13.629
4.016 11.615 13.485
11.737 61.973 28.592
7.495 26.329 17.899
11.404 57.910 27.373
9.210 59.073 27.722
9.900 46.073 23.822
4.880 24.432 17.330
5.416 16.694 15.008
4.808 23.378 17.013
11.942 72.824 31.847
2.131 7.878 12.363
11.551 59.924 27.977
5.031 10.767 13.230
5.089 22.774 16.832
5.558 13.962 14.189
4.485 8.630 12.589
5.586 28.148 18.444
0.422 8.207 12.462
1.011 2.518 10.755
8.790 39.530 21.859
7.634 29.433 18.830
0.335 2.460 10.738
3.602 8.676 12.603
2.650 -0.158 9.953
0.660 -2.366 9.290
6.279 25.631 17.689
4.996 9.533 12.860
0.579 -3.640 8.908
6.869 28.506 18.552
9.642 55.622 26.687
1.363 4.173 11.252
3.325 10.128 13.039
7.700 42.854 22.856
5.913 17.004 15.101
6.079 19.579 15.874
5.537 24.487 17.346
10.737 61.442 28.433
7.269 32.680 19.804
7.240 17.110 15.133
5.326 22.860 16.858
5.761 24.814 17.444
10.661 55.654 26.696
2.502 10.212 13.064
11.335 68.254 30.476
0.882 2.252 10.676
7.142 24.906 17.472
0.374 -8.406 7.478
7.983 35.404 20.621
7.649 29.278 18.783
10.350 50.024 25.007
11.300 55.242 26.572
5.348 20.645 16.194
8.039 39.149 21.745
11.092 61.265 28.380
7.433 25.841 17.752
3.871 16.683 15.005
3.834 13.649 14.095
3.497 -1.775 9.467
11.489 65.557 29.667
4.872 6.683 12.005
11.359 55.732 26.720
10.286 57.603 27.281
8.267 40.302 22.091
0.039 -3.143 9.057
10.801 52.185 25.656
11.038 60.359 28.108
0.071 -8.841 7.348
7.715 35.341 20.602
